[[ 84.44444444   0.           1.11111111   0.           1.11111111
    5.55555556   3.33333333   0.           4.44444444   0.        ]
 [  0.          96.2962963    0.92592593   0.           0.           1.85185185
    0.92592593   0.           0.           0.        ]
 [  0.97087379   2.91262136  78.6407767    3.88349515   1.94174757   0.
    5.82524272   0.97087379   4.85436893   0.        ]
 [  0.           1.           0.          80.           0.           3.
    2.           7.           1.           6.        ]
 [  0.           0.           0.93457944   0.          75.70093458
    0.93457944   2.80373832   0.93457944   1.86915888  16.82242991]
 [  2.17391304   1.08695652   1.08695652  13.04347826   3.26086957
   68.47826087   1.08695652   1.08695652   2.17391304   6.52173913]
 [  1.0989011    4.3956044    4.3956044    0.           4.3956044
    6.59340659  76.92307692   0.           2.1978022    0.        ]
 [  0.           5.66037736   2.83018868   0.           2.83018868   0.
    0.          72.64150943   2.83018868  13.20754717]
 [  0.97087379   0.97087379   2.91262136  13.59223301   2.91262136
    7.76699029   0.           0.97087379  60.19417476   9.70873786]
 [  1.           1.           0.           3.          10.           2.
    0.           2.           1.          80.        ]]


5000
0.1
0.773
0.120226443462
0.774
0.144543977075
0.774
0.173780082875
0.773
0.208929613085
0.773
0.251188643151
0.773
0.30199517204
0.773
0.36307805477
0.773
0.43651583224
0.771
0.52480746025
0.77
0.63095734448
0.77
0.758577575029
0.771
0.912010839356
0.771
1.09647819614
0.771
1.31825673856
0.77
1.58489319246
0.769
1.90546071796
0.767
2.29086765277
0.764
2.75422870334
0.764
3.31131121483
0.763
3.98107170553
0.762
4.78630092323
0.759
5.75439937337
0.758
6.91830970919
0.756
8.31763771103
0.756
10.0
0.755