5000
(2, 2, 1)
0.1
0.858
0.16681005372
0.854
0.278255940221
0.852
0.464158883361
0.852
0.774263682681
0.846
1.29154966501
0.839
2.15443469003
0.833
3.5938136638
0.819
5.99484250319
0.802
10.0
0.77
0.858
[(0.10000000000000001, 0.858), (0.16681005372000587, 0.854), (0.27825594022071243, 0.852), (0.46415888336127786, 0.852), (0.774263682681127, 0.846), (1.2915496650148841, 0.839), (2.1544346900318834, 0.833), (3.5938136638046259, 0.819), (5.9948425031894086, 0.802), (10.0, 0.77)]
(2, 4, 1)
0.1
0.886
0.16681005372
0.879
0.278255940221
0.865
0.464158883361
0.85
0.774263682681
0.84
1.29154966501
0.823
2.15443469003
0.791
3.5938136638
0.753
5.99484250319
0.697
10.0
0.651
0.886
[(0.10000000000000001, 0.858), (0.16681005372000587, 0.854), (0.27825594022071243, 0.852), (0.46415888336127786, 0.852), (0.774263682681127, 0.846), (1.2915496650148841, 0.839), (2.1544346900318834, 0.833), (3.5938136638046259, 0.819), (5.9948425031894086, 0.802), (10.0, 0.77), (0.10000000000000001, 0.886), (0.16681005372000587, 0.879), (0.27825594022071243, 0.865), (0.46415888336127786, 0.85), (0.774263682681127, 0.84), (1.2915496650148841, 0.823), (2.1544346900318834, 0.791), (3.5938136638046259, 0.753), (5.9948425031894086, 0.697), (10.0, 0.651)]
(4, 2, 1)
0.1
0.879
0.16681005372
0.877
0.278255940221
0.875
0.464158883361
0.864
0.774263682681
0.858
1.29154966501
0.827
2.15443469003
0.8
3.5938136638
0.772
5.99484250319
0.717
10.0
0.66
0.879
[(0.10000000000000001, 0.858), (0.16681005372000587, 0.854), (0.27825594022071243, 0.852), (0.46415888336127786, 0.852), (0.774263682681127, 0.846), (1.2915496650148841, 0.839), (2.1544346900318834, 0.833), (3.5938136638046259, 0.819), (5.9948425031894086, 0.802), (10.0, 0.77), (0.10000000000000001, 0.886), (0.16681005372000587, 0.879), (0.27825594022071243, 0.865), (0.46415888336127786, 0.85), (0.774263682681127, 0.84), (1.2915496650148841, 0.823), (2.1544346900318834, 0.791), (3.5938136638046259, 0.753), (5.9948425031894086, 0.697), (10.0, 0.651), (0.10000000000000001, 0.879), (0.16681005372000587, 0.877), (0.27825594022071243, 0.875), (0.46415888336127786, 0.864), (0.774263682681127, 0.858), (1.2915496650148841, 0.827), (2.1544346900318834, 0.8), (3.5938136638046259, 0.772), (5.9948425031894086, 0.717), (10.0, 0.66)]
(4, 4, 1)
0.1
0.846
0.16681005372
0.832
0.278255940221
0.816
0.464158883361
0.792
0.774263682681
0.766
1.29154966501
0.729
2.15443469003
0.693
3.5938136638
0.648
5.99484250319
0.587
10.0
0.518
0.846
[(0.10000000000000001, 0.858), (0.16681005372000587, 0.854), (0.27825594022071243, 0.852), (0.46415888336127786, 0.852), (0.774263682681127, 0.846), (1.2915496650148841, 0.839), (2.1544346900318834, 0.833), (3.5938136638046259, 0.819), (5.9948425031894086, 0.802), (10.0, 0.77), (0.10000000000000001, 0.886), (0.16681005372000587, 0.879), (0.27825594022071243, 0.865), (0.46415888336127786, 0.85), (0.774263682681127, 0.84), (1.2915496650148841, 0.823), (2.1544346900318834, 0.791), (3.5938136638046259, 0.753), (5.9948425031894086, 0.697), (10.0, 0.651), (0.10000000000000001, 0.879), (0.16681005372000587, 0.877), (0.27825594022071243, 0.875), (0.46415888336127786, 0.864), (0.774263682681127, 0.858), (1.2915496650148841, 0.827), (2.1544346900318834, 0.8), (3.5938136638046259, 0.772), (5.9948425031894086, 0.717), (10.0, 0.66), (0.10000000000000001, 0.846), (0.16681005372000587, 0.832), (0.27825594022071243, 0.816), (0.46415888336127786, 0.792), (0.774263682681127, 0.766), (1.2915496650148841, 0.729), (2.1544346900318834, 0.693), (3.5938136638046259, 0.648), (5.9948425031894086, 0.587), (10.0, 0.518)]
(2, 2, 0)
0.1
0.871
0.16681005372
0.867
0.278255940221
0.863
0.464158883361
0.862
0.774263682681
0.856
1.29154966501
0.848
2.15443469003
0.84
3.5938136638
0.828
5.99484250319
0.805
10.0
0.774
0.871
[(0.10000000000000001, 0.858), (0.16681005372000587, 0.854), (0.27825594022071243, 0.852), (0.46415888336127786, 0.852), (0.774263682681127, 0.846), (1.2915496650148841, 0.839), (2.1544346900318834, 0.833), (3.5938136638046259, 0.819), (5.9948425031894086, 0.802), (10.0, 0.77), (0.10000000000000001, 0.886), (0.16681005372000587, 0.879), (0.27825594022071243, 0.865), (0.46415888336127786, 0.85), (0.774263682681127, 0.84), (1.2915496650148841, 0.823), (2.1544346900318834, 0.791), (3.5938136638046259, 0.753), (5.9948425031894086, 0.697), (10.0, 0.651), (0.10000000000000001, 0.879), (0.16681005372000587, 0.877), (0.27825594022071243, 0.875), (0.46415888336127786, 0.864), (0.774263682681127, 0.858), (1.2915496650148841, 0.827), (2.1544346900318834, 0.8), (3.5938136638046259, 0.772), (5.9948425031894086, 0.717), (10.0, 0.66), (0.10000000000000001, 0.846), (0.16681005372000587, 0.832), (0.27825594022071243, 0.816), (0.46415888336127786, 0.792), (0.774263682681127, 0.766), (1.2915496650148841, 0.729), (2.1544346900318834, 0.693), (3.5938136638046259, 0.648), (5.9948425031894086, 0.587), (10.0, 0.518), (0.10000000000000001, 0.871), (0.16681005372000587, 0.867), (0.27825594022071243, 0.863), (0.46415888336127786, 0.862), (0.774263682681127, 0.856), (1.2915496650148841, 0.848), (2.1544346900318834, 0.84), (3.5938136638046259, 0.828), (5.9948425031894086, 0.805), (10.0, 0.774)]
(2, 4, 0)
0.1
0.896
0.16681005372
0.893
0.278255940221
0.889
0.464158883361
0.879
0.774263682681
0.867
1.29154966501
0.842
2.15443469003
0.812
3.5938136638
0.778
5.99484250319
0.736
10.0
0.681
0.896
[(0.10000000000000001, 0.858), (0.16681005372000587, 0.854), (0.27825594022071243, 0.852), (0.46415888336127786, 0.852), (0.774263682681127, 0.846), (1.2915496650148841, 0.839), (2.1544346900318834, 0.833), (3.5938136638046259, 0.819), (5.9948425031894086, 0.802), (10.0, 0.77), (0.10000000000000001, 0.886), (0.16681005372000587, 0.879), (0.27825594022071243, 0.865), (0.46415888336127786, 0.85), (0.774263682681127, 0.84), (1.2915496650148841, 0.823), (2.1544346900318834, 0.791), (3.5938136638046259, 0.753), (5.9948425031894086, 0.697), (10.0, 0.651), (0.10000000000000001, 0.879), (0.16681005372000587, 0.877), (0.27825594022071243, 0.875), (0.46415888336127786, 0.864), (0.774263682681127, 0.858), (1.2915496650148841, 0.827), (2.1544346900318834, 0.8), (3.5938136638046259, 0.772), (5.9948425031894086, 0.717), (10.0, 0.66), (0.10000000000000001, 0.846), (0.16681005372000587, 0.832), (0.27825594022071243, 0.816), (0.46415888336127786, 0.792), (0.774263682681127, 0.766), (1.2915496650148841, 0.729), (2.1544346900318834, 0.693), (3.5938136638046259, 0.648), (5.9948425031894086, 0.587), (10.0, 0.518), (0.10000000000000001, 0.871), (0.16681005372000587, 0.867), (0.27825594022071243, 0.863), (0.46415888336127786, 0.862), (0.774263682681127, 0.856), (1.2915496650148841, 0.848), (2.1544346900318834, 0.84), (3.5938136638046259, 0.828), (5.9948425031894086, 0.805), (10.0, 0.774), (0.10000000000000001, 0.896), (0.16681005372000587, 0.893), (0.27825594022071243, 0.889), (0.46415888336127786, 0.879), (0.774263682681127, 0.867), (1.2915496650148841, 0.842), (2.1544346900318834, 0.812), (3.5938136638046259, 0.778), (5.9948425031894086, 0.736), (10.0, 0.681)]
(4, 2, 0)
0.1
0.902
0.16681005372
0.897
0.278255940221
0.891
0.464158883361
0.88
0.774263682681
0.869
1.29154966501
0.848
2.15443469003
0.831
3.5938136638
0.788
5.99484250319
0.733
10.0
0.689
0.902
[(0.10000000000000001, 0.858), (0.16681005372000587, 0.854), (0.27825594022071243, 0.852), (0.46415888336127786, 0.852), (0.774263682681127, 0.846), (1.2915496650148841, 0.839), (2.1544346900318834, 0.833), (3.5938136638046259, 0.819), (5.9948425031894086, 0.802), (10.0, 0.77), (0.10000000000000001, 0.886), (0.16681005372000587, 0.879), (0.27825594022071243, 0.865), (0.46415888336127786, 0.85), (0.774263682681127, 0.84), (1.2915496650148841, 0.823), (2.1544346900318834, 0.791), (3.5938136638046259, 0.753), (5.9948425031894086, 0.697), (10.0, 0.651), (0.10000000000000001, 0.879), (0.16681005372000587, 0.877), (0.27825594022071243, 0.875), (0.46415888336127786, 0.864), (0.774263682681127, 0.858), (1.2915496650148841, 0.827), (2.1544346900318834, 0.8), (3.5938136638046259, 0.772), (5.9948425031894086, 0.717), (10.0, 0.66), (0.10000000000000001, 0.846), (0.16681005372000587, 0.832), (0.27825594022071243, 0.816), (0.46415888336127786, 0.792), (0.774263682681127, 0.766), (1.2915496650148841, 0.729), (2.1544346900318834, 0.693), (3.5938136638046259, 0.648), (5.9948425031894086, 0.587), (10.0, 0.518), (0.10000000000000001, 0.871), (0.16681005372000587, 0.867), (0.27825594022071243, 0.863), (0.46415888336127786, 0.862), (0.774263682681127, 0.856), (1.2915496650148841, 0.848), (2.1544346900318834, 0.84), (3.5938136638046259, 0.828), (5.9948425031894086, 0.805), (10.0, 0.774), (0.10000000000000001, 0.896), (0.16681005372000587, 0.893), (0.27825594022071243, 0.889), (0.46415888336127786, 0.879), (0.774263682681127, 0.867), (1.2915496650148841, 0.842), (2.1544346900318834, 0.812), (3.5938136638046259, 0.778), (5.9948425031894086, 0.736), (10.0, 0.681), (0.10000000000000001, 0.902), (0.16681005372000587, 0.897), (0.27825594022071243, 0.891), (0.46415888336127786, 0.88), (0.774263682681127, 0.869), (1.2915496650148841, 0.848), (2.1544346900318834, 0.831), (3.5938136638046259, 0.788), (5.9948425031894086, 0.733), (10.0, 0.689)]
(4, 4, 0)
0.1
0.874
0.16681005372
0.858
0.278255940221
0.846
0.464158883361
0.832
0.774263682681
0.814
1.29154966501
0.784
2.15443469003
0.746
3.5938136638
0.705
5.99484250319
0.66
10.0
0.602
0.874
[(0.10000000000000001, 0.858), (0.16681005372000587, 0.854), (0.27825594022071243, 0.852), (0.46415888336127786, 0.852), (0.774263682681127, 0.846), (1.2915496650148841, 0.839), (2.1544346900318834, 0.833), (3.5938136638046259, 0.819), (5.9948425031894086, 0.802), (10.0, 0.77), (0.10000000000000001, 0.886), (0.16681005372000587, 0.879), (0.27825594022071243, 0.865), (0.46415888336127786, 0.85), (0.774263682681127, 0.84), (1.2915496650148841, 0.823), (2.1544346900318834, 0.791), (3.5938136638046259, 0.753), (5.9948425031894086, 0.697), (10.0, 0.651), (0.10000000000000001, 0.879), (0.16681005372000587, 0.877), (0.27825594022071243, 0.875), (0.46415888336127786, 0.864), (0.774263682681127, 0.858), (1.2915496650148841, 0.827), (2.1544346900318834, 0.8), (3.5938136638046259, 0.772), (5.9948425031894086, 0.717), (10.0, 0.66), (0.10000000000000001, 0.846), (0.16681005372000587, 0.832), (0.27825594022071243, 0.816), (0.46415888336127786, 0.792), (0.774263682681127, 0.766), (1.2915496650148841, 0.729), (2.1544346900318834, 0.693), (3.5938136638046259, 0.648), (5.9948425031894086, 0.587), (10.0, 0.518), (0.10000000000000001, 0.871), (0.16681005372000587, 0.867), (0.27825594022071243, 0.863), (0.46415888336127786, 0.862), (0.774263682681127, 0.856), (1.2915496650148841, 0.848), (2.1544346900318834, 0.84), (3.5938136638046259, 0.828), (5.9948425031894086, 0.805), (10.0, 0.774), (0.10000000000000001, 0.896), (0.16681005372000587, 0.893), (0.27825594022071243, 0.889), (0.46415888336127786, 0.879), (0.774263682681127, 0.867), (1.2915496650148841, 0.842), (2.1544346900318834, 0.812), (3.5938136638046259, 0.778), (5.9948425031894086, 0.736), (10.0, 0.681), (0.10000000000000001, 0.902), (0.16681005372000587, 0.897), (0.27825594022071243, 0.891), (0.46415888336127786, 0.88), (0.774263682681127, 0.869), (1.2915496650148841, 0.848), (2.1544346900318834, 0.831), (3.5938136638046259, 0.788), (5.9948425031894086, 0.733), (10.0, 0.689), (0.10000000000000001, 0.874), (0.16681005372000587, 0.858), (0.27825594022071243, 0.846), (0.46415888336127786, 0.832), (0.774263682681127, 0.814), (1.2915496650148841, 0.784), (2.1544346900318834, 0.746), (3.5938136638046259, 0.705), (5.9948425031894086, 0.66), (10.0, 0.602)]
(2, 3, 0)
0.1
0.888
0.16681005372
0.883
0.278255940221
0.879
0.464158883361
0.872
0.774263682681
0.863
1.29154966501
0.856
2.15443469003
0.834
3.5938136638
0.809
5.99484250319
0.772
10.0
0.732
0.888
[(0.10000000000000001, 0.858), (0.16681005372000587, 0.854), (0.27825594022071243, 0.852), (0.46415888336127786, 0.852), (0.774263682681127, 0.846), (1.2915496650148841, 0.839), (2.1544346900318834, 0.833), (3.5938136638046259, 0.819), (5.9948425031894086, 0.802), (10.0, 0.77), (0.10000000000000001, 0.886), (0.16681005372000587, 0.879), (0.27825594022071243, 0.865), (0.46415888336127786, 0.85), (0.774263682681127, 0.84), (1.2915496650148841, 0.823), (2.1544346900318834, 0.791), (3.5938136638046259, 0.753), (5.9948425031894086, 0.697), (10.0, 0.651), (0.10000000000000001, 0.879), (0.16681005372000587, 0.877), (0.27825594022071243, 0.875), (0.46415888336127786, 0.864), (0.774263682681127, 0.858), (1.2915496650148841, 0.827), (2.1544346900318834, 0.8), (3.5938136638046259, 0.772), (5.9948425031894086, 0.717), (10.0, 0.66), (0.10000000000000001, 0.846), (0.16681005372000587, 0.832), (0.27825594022071243, 0.816), (0.46415888336127786, 0.792), (0.774263682681127, 0.766), (1.2915496650148841, 0.729), (2.1544346900318834, 0.693), (3.5938136638046259, 0.648), (5.9948425031894086, 0.587), (10.0, 0.518), (0.10000000000000001, 0.871), (0.16681005372000587, 0.867), (0.27825594022071243, 0.863), (0.46415888336127786, 0.862), (0.774263682681127, 0.856), (1.2915496650148841, 0.848), (2.1544346900318834, 0.84), (3.5938136638046259, 0.828), (5.9948425031894086, 0.805), (10.0, 0.774), (0.10000000000000001, 0.896), (0.16681005372000587, 0.893), (0.27825594022071243, 0.889), (0.46415888336127786, 0.879), (0.774263682681127, 0.867), (1.2915496650148841, 0.842), (2.1544346900318834, 0.812), (3.5938136638046259, 0.778), (5.9948425031894086, 0.736), (10.0, 0.681), (0.10000000000000001, 0.902), (0.16681005372000587, 0.897), (0.27825594022071243, 0.891), (0.46415888336127786, 0.88), (0.774263682681127, 0.869), (1.2915496650148841, 0.848), (2.1544346900318834, 0.831), (3.5938136638046259, 0.788), (5.9948425031894086, 0.733), (10.0, 0.689), (0.10000000000000001, 0.874), (0.16681005372000587, 0.858), (0.27825594022071243, 0.846), (0.46415888336127786, 0.832), (0.774263682681127, 0.814), (1.2915496650148841, 0.784), (2.1544346900318834, 0.746), (3.5938136638046259, 0.705), (5.9948425031894086, 0.66), (10.0, 0.602), (0.10000000000000001, 0.888), (0.16681005372000587, 0.883), (0.27825594022071243, 0.879), (0.46415888336127786, 0.872), (0.774263682681127, 0.863), (1.2915496650148841, 0.856), (2.1544346900318834, 0.834), (3.5938136638046259, 0.809), (5.9948425031894086, 0.772), (10.0, 0.732)]
(3, 2, 0)
0.1
0.9
0.16681005372
0.895
0.278255940221
0.888
0.464158883361
0.884
0.774263682681
0.876
1.29154966501
0.857
2.15443469003
0.841
3.5938136638
0.822
5.99484250319
0.78
10.0
0.721
0.9
[(0.10000000000000001, 0.858), (0.16681005372000587, 0.854), (0.27825594022071243, 0.852), (0.46415888336127786, 0.852), (0.774263682681127, 0.846), (1.2915496650148841, 0.839), (2.1544346900318834, 0.833), (3.5938136638046259, 0.819), (5.9948425031894086, 0.802), (10.0, 0.77), (0.10000000000000001, 0.886), (0.16681005372000587, 0.879), (0.27825594022071243, 0.865), (0.46415888336127786, 0.85), (0.774263682681127, 0.84), (1.2915496650148841, 0.823), (2.1544346900318834, 0.791), (3.5938136638046259, 0.753), (5.9948425031894086, 0.697), (10.0, 0.651), (0.10000000000000001, 0.879), (0.16681005372000587, 0.877), (0.27825594022071243, 0.875), (0.46415888336127786, 0.864), (0.774263682681127, 0.858), (1.2915496650148841, 0.827), (2.1544346900318834, 0.8), (3.5938136638046259, 0.772), (5.9948425031894086, 0.717), (10.0, 0.66), (0.10000000000000001, 0.846), (0.16681005372000587, 0.832), (0.27825594022071243, 0.816), (0.46415888336127786, 0.792), (0.774263682681127, 0.766), (1.2915496650148841, 0.729), (2.1544346900318834, 0.693), (3.5938136638046259, 0.648), (5.9948425031894086, 0.587), (10.0, 0.518), (0.10000000000000001, 0.871), (0.16681005372000587, 0.867), (0.27825594022071243, 0.863), (0.46415888336127786, 0.862), (0.774263682681127, 0.856), (1.2915496650148841, 0.848), (2.1544346900318834, 0.84), (3.5938136638046259, 0.828), (5.9948425031894086, 0.805), (10.0, 0.774), (0.10000000000000001, 0.896), (0.16681005372000587, 0.893), (0.27825594022071243, 0.889), (0.46415888336127786, 0.879), (0.774263682681127, 0.867), (1.2915496650148841, 0.842), (2.1544346900318834, 0.812), (3.5938136638046259, 0.778), (5.9948425031894086, 0.736), (10.0, 0.681), (0.10000000000000001, 0.902), (0.16681005372000587, 0.897), (0.27825594022071243, 0.891), (0.46415888336127786, 0.88), (0.774263682681127, 0.869), (1.2915496650148841, 0.848), (2.1544346900318834, 0.831), (3.5938136638046259, 0.788), (5.9948425031894086, 0.733), (10.0, 0.689), (0.10000000000000001, 0.874), (0.16681005372000587, 0.858), (0.27825594022071243, 0.846), (0.46415888336127786, 0.832), (0.774263682681127, 0.814), (1.2915496650148841, 0.784), (2.1544346900318834, 0.746), (3.5938136638046259, 0.705), (5.9948425031894086, 0.66), (10.0, 0.602), (0.10000000000000001, 0.888), (0.16681005372000587, 0.883), (0.27825594022071243, 0.879), (0.46415888336127786, 0.872), (0.774263682681127, 0.863), (1.2915496650148841, 0.856), (2.1544346900318834, 0.834), (3.5938136638046259, 0.809), (5.9948425031894086, 0.772), (10.0, 0.732), (0.10000000000000001, 0.9), (0.16681005372000587, 0.895), (0.27825594022071243, 0.888), (0.46415888336127786, 0.884), (0.774263682681127, 0.876), (1.2915496650148841, 0.857), (2.1544346900318834, 0.841), (3.5938136638046259, 0.822), (5.9948425031894086, 0.78), (10.0, 0.721)]
(3, 3, 0)
0.1
0.9
0.16681005372
0.894
0.278255940221
0.89
0.464158883361
0.874
0.774263682681
0.852
1.29154966501
0.828
2.15443469003
0.797
3.5938136638
0.756
5.99484250319
0.712
10.0
0.655
0.9
[(0.10000000000000001, 0.858), (0.16681005372000587, 0.854), (0.27825594022071243, 0.852), (0.46415888336127786, 0.852), (0.774263682681127, 0.846), (1.2915496650148841, 0.839), (2.1544346900318834, 0.833), (3.5938136638046259, 0.819), (5.9948425031894086, 0.802), (10.0, 0.77), (0.10000000000000001, 0.886), (0.16681005372000587, 0.879), (0.27825594022071243, 0.865), (0.46415888336127786, 0.85), (0.774263682681127, 0.84), (1.2915496650148841, 0.823), (2.1544346900318834, 0.791), (3.5938136638046259, 0.753), (5.9948425031894086, 0.697), (10.0, 0.651), (0.10000000000000001, 0.879), (0.16681005372000587, 0.877), (0.27825594022071243, 0.875), (0.46415888336127786, 0.864), (0.774263682681127, 0.858), (1.2915496650148841, 0.827), (2.1544346900318834, 0.8), (3.5938136638046259, 0.772), (5.9948425031894086, 0.717), (10.0, 0.66), (0.10000000000000001, 0.846), (0.16681005372000587, 0.832), (0.27825594022071243, 0.816), (0.46415888336127786, 0.792), (0.774263682681127, 0.766), (1.2915496650148841, 0.729), (2.1544346900318834, 0.693), (3.5938136638046259, 0.648), (5.9948425031894086, 0.587), (10.0, 0.518), (0.10000000000000001, 0.871), (0.16681005372000587, 0.867), (0.27825594022071243, 0.863), (0.46415888336127786, 0.862), (0.774263682681127, 0.856), (1.2915496650148841, 0.848), (2.1544346900318834, 0.84), (3.5938136638046259, 0.828), (5.9948425031894086, 0.805), (10.0, 0.774), (0.10000000000000001, 0.896), (0.16681005372000587, 0.893), (0.27825594022071243, 0.889), (0.46415888336127786, 0.879), (0.774263682681127, 0.867), (1.2915496650148841, 0.842), (2.1544346900318834, 0.812), (3.5938136638046259, 0.778), (5.9948425031894086, 0.736), (10.0, 0.681), (0.10000000000000001, 0.902), (0.16681005372000587, 0.897), (0.27825594022071243, 0.891), (0.46415888336127786, 0.88), (0.774263682681127, 0.869), (1.2915496650148841, 0.848), (2.1544346900318834, 0.831), (3.5938136638046259, 0.788), (5.9948425031894086, 0.733), (10.0, 0.689), (0.10000000000000001, 0.874), (0.16681005372000587, 0.858), (0.27825594022071243, 0.846), (0.46415888336127786, 0.832), (0.774263682681127, 0.814), (1.2915496650148841, 0.784), (2.1544346900318834, 0.746), (3.5938136638046259, 0.705), (5.9948425031894086, 0.66), (10.0, 0.602), (0.10000000000000001, 0.888), (0.16681005372000587, 0.883), (0.27825594022071243, 0.879), (0.46415888336127786, 0.872), (0.774263682681127, 0.863), (1.2915496650148841, 0.856), (2.1544346900318834, 0.834), (3.5938136638046259, 0.809), (5.9948425031894086, 0.772), (10.0, 0.732), (0.10000000000000001, 0.9), (0.16681005372000587, 0.895), (0.27825594022071243, 0.888), (0.46415888336127786, 0.884), (0.774263682681127, 0.876), (1.2915496650148841, 0.857), (2.1544346900318834, 0.841), (3.5938136638046259, 0.822), (5.9948425031894086, 0.78), (10.0, 0.721), (0.10000000000000001, 0.9), (0.16681005372000587, 0.894), (0.27825594022071243, 0.89), (0.46415888336127786, 0.874), (0.774263682681127, 0.852), (1.2915496650148841, 0.828), (2.1544346900318834, 0.797), (3.5938136638046259, 0.756), (5.9948425031894086, 0.712), (10.0, 0.655)]
